cluster001	59.5578	116	24
cluster002	23.0528	109	16
cluster003	18.996	19	10
cluster004	60.7813	76	56
cluster005	49.7758	112	32
cluster006	47.7699	64	15
cluster007	16.6477	174	7
cluster008	23.0419	26	17
cluster009	30.1118	33	18
cluster010	22	22	22
cluster011	23.2825	243	12
cluster012	44	44	44
cluster013	44	44	44
cluster014	93.1597	110	89
cluster015	18.1862	19	15
cluster016	17.6376	45	10
cluster017	14.3972	57	7
cluster018	17.8121	50	8
cluster019	41.7395	53	19
cluster020	23.9624	137	11
cluster021	24.8661	30	11
cluster022	53.3099	93	16
cluster023	38.6645	123	31
cluster024	34.4886	53	21
cluster025	30.0595	68	20
cluster026	114.892	250	26
cluster027	56.4983	126	25
cluster028	55.6617	64	18
cluster029	36.2271	45	35
cluster030	22.9544	23	19
cluster031	40.0007	46	40
cluster032	40.0004	46	40
cluster033	23.2675	118	16
cluster034	29.0647	44	8
cluster035	19	19	19
cluster036	22.964	23	13
cluster037	71.9485	82	68
cluster038	40.0008	46	40
cluster039	40.0007	46	40
cluster040	44	44	44
cluster041	44	44	44
cluster042	37.0982	56	25
cluster043	44	44	44
cluster044	22.5484	25	10
cluster045	9.94999	14	1
cluster046	44	44	44
cluster047	44	44	44
cluster048	44	44	44
cluster049	44	44	44
cluster050	18.2447	23	8
cluster051	44	44	44
cluster052	22.8864	69	11
cluster053	35.2852	65	13
cluster054	19.411	63	7
