1 266
2 45
3 45
4 87
5 151
6 115
7 5002
8 16002
9 17227
10 1299447
11 305389
12 600327
13 1036253
14 723931
15 434110
16 337620
17 907585
18 1217338
19 2981427
20 527502
21 1093674
22 2988430
23 3246590
24 950827
25 1314124
26 326737
27 935459
28 415953
29 1221080
30 330636
31 864230
32 1038772
33 865983
34 695834
35 666710
36 1445218
37 37982
38 39724
39 24411
40 4119581
41 342373
42 411702
43 463209
44 10393149
45 174661
46 55975
47 63362
48 39713
49 66891
50 45179
51 328821
52 307714
53 470600
54 1008375
55 42345
56 165097
57 72464
58 22859
59 239124
60 512857
61 130348
62 472115
63 784088
64 402476
65 28436
66 3916
67 6866
68 38953
69 355274
70 10014
71 399700
72 364317
73 72294
74 34492
75 22737
76 86676
77 16504
78 18635
79 169533
80 36885
81 23205
82 26903
83 48804
84 21157
85 16765
86 17818
87 1670
88 68390
89 8908
90 33096
91 43566
92 436328
93 124331
94 63621
95 5353
96 84754
97 22706
98 33694
99 8064
100 9579
101 34
102 28
103 16
104 84
105 35
106 128
107 84
108 43
109 7979
110 10234
111 45
112 113
113 48
114 87
115 217
116 713
117 853
118 6270
119 97
120 107
121 123
122 137
123 125
124 126
125 771
126 1208
127 150
128 156
129 140
130 710
131 537
132 186
133 191
134 196
135 325
136 392
137 298
138 237
139 242
140 256
141 254
142 226
143 238
144 215
145 307
146 322
147 395
148 430
149 451
150 402
151 524
152 469
153 465
154 469
155 471
156 514
157 564
158 563
159 481
160 495
161 786
162 507
163 497
164 464
165 405
166 396
167 377
168 385
169 387
170 366
171 361
172 332
173 364
174 359
175 371
176 369
177 385
178 372
179 416
180 392
181 472
182 369
183 469
184 434
185 340
186 343
187 330
188 267
189 266
190 330
191 307
192 344
193 286
194 354
195 313
196 276
197 417
198 397
199 361
200 251
201 264
202 292
203 266
204 262
205 383
206 412
207 447
208 443
209 301
210 284
211 319
212 248
213 204
214 183
215 575
216 363
217 214
218 200
219 191
220 236
221 225
222 211
223 151
224 887
225 289
226 135
227 164
228 117
229 125
230 101
231 124
232 129
233 139
234 124
235 142
236 120
237 96
238 749
239 158
240 97
241 106
242 145
243 135
244 94
245 77
246 80
247 67
248 90
249 167
250 211
