cluster001	355.78	767	0
cluster002	195.686	24428	0
cluster003	127.545	5402	0
cluster004	643.171	46933	0
cluster005	58.5024	58843	0
cluster006	1481.85	14908	0
cluster007	1752.87	10379	0
cluster008	18259.2	1133369	0
cluster009	61.3602	710	0
cluster010	1266.27	4211	0
cluster011	421.139	67059	0
cluster012	1193.68	312480	0
cluster013	3876.45	232682	0
cluster014	729.866	11151	0
cluster015	94.9255	144	0
cluster016	92.7838	857	0
cluster017	547.812	1419	0
cluster018	52.3481	7389	0
cluster019	70.64	150	0
cluster020	51.8922	360	0
cluster021	1	1	1
cluster022	4.22262	19	0
cluster023	106.64	18191	0
cluster024	622.173	13425	0
cluster025	44.6168	1425	0
cluster026	859.877	768526	0
cluster027	0.141016	8	0
cluster028	169.656	9520	0
cluster029	490.132	97630	0
cluster030	360.873	13263	0
cluster031	14.997	15	0
cluster032	139.286	207	0
cluster033	917.298	22693	0
cluster034	198.039	377142	0
cluster035	1277.69	6066	0
cluster036	70.4305	962	0
cluster037	7639.62	333034	0
cluster038	158.167	4118	0
cluster039	81.3448	430	0
cluster040	1884.33	28809	0
cluster041	1910.67	28809	0
cluster042	2607.9	34946	0
cluster043	1923.48	18310	0
cluster044	21.1556	37	0
cluster045	65.9142	1748	0
cluster046	368.974	8104	0
cluster047	415.774	2095	0
cluster048	50.8922	6508	0
cluster049	23524.7	61860	0
cluster050	51583.9	289185	0
cluster051	347.834	739	0
cluster052	234.901	5313	0
cluster053	8976.32	49929	0
cluster054	317.812	14027	0
